iteration,MAE,R2
11,0.05108129494344393,0.5225320098290313
12,0.049389519929108255,0.5366401592130098
13,0.04794195452703067,0.5464711746345026
14,0.04602955048493704,0.5714263484492004
15,0.040896185740196704,0.5962874585931094
16,0.03829362753710466,0.6042264504290888
17,0.03879061659558084,0.601336595964785
18,0.036758742897605896,0.6296651219359403
19,0.03448239080235481,0.6439726037419056
20,0.03268504813123431,0.6639350675471523
21,0.03161463818742579,0.6777588737550642
22,0.03019521840217425,0.695973150851596
23,0.032847617261882615,0.7005386368013593
24,0.032785165687347406,0.7472816446066353
25,0.03172697793133075,0.7913744157417933
26,0.030452053684902187,0.8076143044581139
27,0.02954315360084261,0.8093386171517741
28,0.02880519034967422,0.811473730645857
29,0.028492973427515025,0.8153962457108271
30,0.027417640977964088,0.8258634616634101
31,0.029531488015186784,0.8192662678139113
32,0.026973642136888795,0.8577249210264495
33,0.0264826880206613,0.861255398838727
34,0.026428550980824063,0.8583715697667123
35,0.026669892762949732,0.8561249891785424
36,0.025613152213596647,0.8640258151528695
37,0.02466426031261745,0.869383769714507
38,0.023816624067181803,0.8740151229088476
39,0.02341895526568651,0.8746861023790742
40,0.02325212490016425,0.8730664778587629
41,0.02321900461354482,0.8709452822852541
42,0.022989499939140047,0.8696636417677883
43,0.024205245461884406,0.8519404813310998
44,0.025184071565827255,0.8505325276474389
45,0.025044619470044834,0.8581098748850587
46,0.024335313994339674,0.863505560887527
47,0.02437155661196808,0.8620523148895772
48,0.023695802222405648,0.864803867374415
49,0.02320133819700527,0.8674471241183821
50,0.022594207134492724,0.8716567409678724
