iteration,MAE,R2
11,0.04944732079461416,0.5368346112551263
12,0.048019163327906685,0.5594409508825882
13,0.042503934530660085,0.605261037812745
14,0.04429392122392019,0.59404505104322
15,0.04177880302118659,0.6107849896168058
16,0.04133348860252044,0.6253721783041588
17,0.050066988441700405,0.48067593641823325
18,0.04769081625062039,0.6273429969323596
19,0.046759462196846006,0.6231910467382427
20,0.048201348031153,0.6225024159768318
21,0.044168269661899046,0.6614363359231314
22,0.04511191880724534,0.6599619050723884
23,0.0444241339163065,0.6725914924112222
24,0.040476947885234836,0.6895410778121372
25,0.038710958680013514,0.6933550805276911
26,0.03803000158345964,0.6947042200215092
27,0.03686621822819369,0.6970252850736092
28,0.037823597970607366,0.687391930668604
29,0.036150442859083816,0.6974337600403391
30,0.035790750202661946,0.6949719314082233
31,0.03780388180374205,0.6606522169860805
32,0.037445556217025985,0.6871944962734615
33,0.041126141017526735,0.6425358259550449
34,0.03847180558523996,0.718601322800997
35,0.037178916596497434,0.7313864434207817
36,0.03717319871012456,0.7368749970083166
37,0.03892317691557533,0.7166116740075973
38,0.039317845294761664,0.7423979936677787
39,0.04049138662189722,0.7320813363048072
40,0.04176059906041215,0.7216091103087421
41,0.041400155587439307,0.7333685603038381
42,0.04075542715179754,0.7366360272635769
43,0.039342503402738135,0.7413271127597116
44,0.04283986325954437,0.7056099617498793
45,0.04188608729654395,0.7509671960445028
46,0.04027620830121548,0.7585149242941333
47,0.04048444379659096,0.7529772655585295
48,0.04191044088263998,0.7275513911378313
49,0.04063058923044777,0.7405900148420383
50,0.04036367842511195,0.739237409843732
