iteration,MAE,R2
11,0.07414701425437928,0.3974622148960435
12,0.04986894822998047,0.7710915092144728
13,0.04493442018826604,0.7350384983619778
14,0.040360317273064154,0.787852540958774
15,0.040756470692335005,0.7750976549123888
16,0.04259805167588558,0.7923157775846383
17,0.03615592673273007,0.8487359272727326
18,0.0340179336706069,0.8586198378735611
19,0.03629114173477147,0.8326446921533662
20,0.034409233039284344,0.8586320168196012
21,0.0323295607589906,0.8737613311065168
22,0.03284870080262335,0.8623696659135436
23,0.038019476127941466,0.7944722521811194
24,0.03448429621470434,0.8601424183414035
25,0.034172691582615204,0.8627215229768084
26,0.03546685049571952,0.8563081241853547
27,0.0371413068770438,0.8259854581008219
28,0.0357537214453819,0.8563887241212618
29,0.035050192970589464,0.8581107978188869
30,0.03424627408102396,0.8580242569445858
31,0.03624443130103727,0.8232491487760613
32,0.03561303277972279,0.8499091122824254
33,0.03491976021117443,0.8553454590901939
34,0.03609413518683524,0.8439115133052003
35,0.034828688009057245,0.8598618739940329
36,0.03521524706690818,0.8530730504715541
37,0.03462542577903772,0.8673392500013438
38,0.03331216545827539,0.870560256670521
39,0.03367626552001405,0.8626216006449788
40,0.03362442286719629,0.8648927570493519
41,0.033111132943920506,0.868874817296273
42,0.03392491970926406,0.8602497336353374
43,0.03324194246835235,0.8622068290969764
44,0.032839487679324667,0.8643118764674387
45,0.03216227952487599,0.8672718954201114
46,0.03247759743646125,0.8623152804700838
47,0.0324230018067125,0.8613498045903744
48,0.03253552096486978,0.8648672801413978
49,0.032541451761337485,0.8636365378740765
50,0.032121665511081386,0.8659042700043499
